514579
982464
241861950
162292410
2
460
1
251
7
164
336
5007658656
2
204
2
179
820
951

653
11
6335
6
3392
4
302
32
4165
5
1331
8
1121
127
675280050

96081673
220
2376
19208
129586085429248
37
2126
26
1914
25
521
286
22848
295
2092
1068781
702970661767766
165
5875750429995
208
5272149590143
436
496
175594
883
71
27802
1
279139880759
140
202
736
2028
26457
29839238838303
694173
201376568795521
2
213
2
325
20899048083289
104831106565027
273
2093
5
2125
mxmxvkd,sqjhc,fvjkl
phc,spnd,zmsdzh,pdt,fqqcnm,lsgqf,rjc,lzvh
306
32783
291
33455
